%Udepth	Depth	Temperature	Salinity	Fluorescence	DO	Xmiss	sigma-t	
206	-206	16.9618	34.5936	6.75E-02	7.839	62.8874	25.2124	
205	-205	16.9624	34.5932	6.57E-02	7.8389	62.5404	25.2119	
204	-204	16.9618	34.5932	6.63E-02	7.839	62.2889	25.212	
203	-203	16.9617	34.5932	6.67E-02	7.839	62.4537	25.212	
202	-202	16.9645	34.5931	6.83E-02	7.8386	62.3721	25.2113	
201	-201	16.9675	34.5931	6.84E-02	7.8381	62.4036	25.2106	
200	-200	16.97	34.593	6.83E-02	7.8378	62.6099	25.2099	
199	-199	16.9727	34.593	6.79E-02	7.8373	62.6293	25.2092	
198	-198	16.9733	34.593	6.80E-02	7.8372	62.7994	25.2091	
197	-197	16.974	34.5929	6.75E-02	7.8372	62.8821	25.2089	
196	-196	16.976	34.593	6.84E-02	7.8368	62.5661	25.2085	
195	-195	16.9776	34.5927	6.82E-02	7.8366	62.4568	25.2079	
194	-194	16.9777	34.5926	6.77E-02	7.8366	62.598	25.2078	
193	-193	16.9776	34.5927	6.82E-02	7.8366	62.9732	25.2079	
192	-192	16.9784	34.5926	6.72E-02	7.8365	63.2409	25.2076	
191	-191	16.9836	34.5916	6.72E-02	7.8357	63.0907	25.2057	
190	-190	16.9855	34.5909	6.72E-02	7.8355	62.6256	25.2047	
189	-189	16.9872	34.5905	6.76E-02	7.8352	62.3356	25.2039	
188	-188	16.9879	34.59	6.72E-02	7.8352	62.3329	25.2033	
187	-187	16.9885	34.5899	6.68E-02	7.8351	62.6693	25.2032	
186	-186	16.9919	34.589	6.72E-02	7.8346	63.0409	25.2017	
185	-185	16.9942	34.5883	6.72E-02	7.8343	63.1865	25.2005	
184	-184	16.9949	34.588	6.81E-02	7.8342	63.1401	25.2002	
183	-183	16.9952	34.588	6.97E-02	7.8341	62.8615	25.2002	
182	-182	16.9965	34.588	6.91E-02	7.8339	62.6321	25.1998	
181	-181	16.9979	34.5876	6.84E-02	7.8337	62.6673	25.1992	
180	-180	17.004	34.5871	6.88E-02	7.8328	62.6903	25.1974	
179	-179	17.0177	34.5842	6.93E-02	7.8309	62.9428	25.1919	
178	-178	17.032	34.5814	6.84E-02	7.8288	62.9432	25.1864	
177	-177	17.0439	34.579	6.84E-02	7.8271	63.0399	25.1817	
176	-176	17.0548	34.5769	6.84E-02	7.8256	63.2825	25.1774	
175	-175	17.0716	34.5728	6.82E-02	7.8232	63.4194	25.1703	
174	-174	17.0801	34.5722	6.73E-02	7.8219	63.6711	25.1678	
173	-173	17.1154	34.5656	6.91E-02	7.8169	63.8255	25.1544	
172	-172	17.2045	34.5452	7.05E-02	7.8043	63.6782	25.1175	
171	-171	17.2871	34.526	7.10E-02	7.7928	63.5061	25.083	
170	-170	17.337	34.5122	7.29E-02	7.7859	63.4278	25.0605	
169	-169	17.3701	34.5049	7.47E-02	7.7813	63.3786	25.0469	
168	-168	17.3925	34.499	7.68E-02	7.7782	63.5137	25.037	
167	-167	17.4008	34.4976	7.98E-02	7.777	63.5345	25.0339	
166	-166	17.3801	34.5023	8.01E-02	7.7799	63.6121	25.0426	
165	-165	17.3759	34.5055	8.12E-02	7.7804	63.7689	25.046	
164	-164	17.3976	34.4998	8.27E-02	7.7774	63.752	25.0364	
163	-163	17.4038	34.4987	8.40E-02	7.7766	63.42	25.034	
162	-162	17.4071	34.4979	8.50E-02	7.7761	63.4271	25.0327	
161	-161	17.4053	34.4986	8.55E-02	7.7763	63.4291	25.0336	
160	-160	17.3939	34.5012	8.60E-02	7.7779	63.3584	25.0383	
159	-159	17.3992	34.5027	8.72E-02	7.777	63.6026	25.0382	
158	-158	17.4523	34.4883	8.57E-02	7.7697	63.5131	25.0144	
157	-157	17.4656	34.4845	8.55E-02	7.7679	63.5586	25.0083	
156	-156	17.482	34.4808	8.71E-02	7.7656	63.7026	25.0015	
155	-155	17.4838	34.4806	8.67E-02	7.7653	63.5483	25.001	
154	-154	17.484	34.4809	8.87E-02	7.7653	63.46	25.0011	
153	-153	17.483	34.4813	9.11E-02	7.7654	63.206	25.0016	
152	-152	17.485	34.4813	9.04E-02	7.7651	63.252	25.0012	
151	-151	17.4886	34.4805	9.09E-02	7.7646	63.6712	24.9997	
150	-150	17.5042	34.4777	9.06E-02	7.7625	63.7633	24.9938	
149	-149	17.5216	34.4725	8.92E-02	7.7601	63.5008	24.9857	
148	-148	17.5276	34.4714	9.01E-02	7.7592	63.2752	24.9833	
147	-147	17.5312	34.4704	9.05E-02	7.7588	63.2483	24.9817	
146	-146	17.5324	34.47	9.15E-02	7.7586	63.2772	24.981	
145	-145	17.5315	34.4704	9.06E-02	7.7587	63.4394	24.9817	
144	-144	17.5351	34.4692	8.94E-02	7.7582	63.4375	24.9799	
143	-143	17.5378	34.4683	8.91E-02	7.7579	63.4255	24.9785	
142	-142	17.542	34.4672	8.95E-02	7.7573	63.404	24.9766	
141	-141	17.5457	34.4657	8.91E-02	7.7568	63.6832	24.9746	
140	-140	17.5467	34.4648	8.80E-02	7.7567	63.6286	24.9737	
139	-139	17.5395	34.4674	8.83E-02	7.7576	63.2436	24.9774	
138	-138	17.5369	34.4685	8.91E-02	7.758	62.9544	24.9789	
137	-137	17.5355	34.4692	8.89E-02	7.7581	62.9717	24.9797	
136	-136	17.5331	34.4699	8.80E-02	7.7585	63.1358	24.9808	
135	-135	17.5323	34.4697	8.89E-02	7.7586	63.5919	24.9809	
134	-134	17.5343	34.4682	9.00E-02	7.7584	63.6119	24.9793	
133	-133	17.5243	34.4691	8.91E-02	7.7598	63.4781	24.9823	
132	-132	17.5169	34.4717	8.83E-02	7.7608	63.0443	24.9861	
131	-131	17.5212	34.471	8.88E-02	7.7602	62.8811	24.9845	
130	-130	17.5208	34.4709	8.81E-02	7.7603	63.0093	24.9846	
129	-129	17.521	34.4709	8.79E-02	7.7602	63.2303	24.9846	
128	-128	17.5213	34.4705	8.83E-02	7.7602	63.1526	24.9842	
127	-127	17.5188	34.4713	9.17E-02	7.7605	63.1361	24.9854	
126	-126	17.5181	34.4717	9.12E-02	7.7606	63.1607	24.9858	
125	-125	17.5222	34.4709	9.11E-02	7.7601	63.1356	24.9842	
124	-124	17.5278	34.4696	9.17E-02	7.7593	63.3746	24.9819	
123	-123	17.5299	34.4691	9.20E-02	7.759	63.3223	24.981	
122	-122	17.5302	34.4691	9.18E-02	7.7589	62.9342	24.9809	
121	-121	17.5273	34.4702	9.37E-02	7.7593	62.8427	24.9825	
120	-120	17.5254	34.4707	9.41E-02	7.7596	62.8305	24.9833	
119	-119	17.5075	34.474	9.41E-02	7.7621	63.0063	24.9902	
118	-118	17.5044	34.4748	9.51E-02	7.7625	63.147	24.9915	
117	-117	17.5278	34.4686	9.45E-02	7.7593	63.0858	24.9812	
116	-116	17.5593	34.4602	9.47E-02	7.755	62.8435	24.9671	
115	-115	17.5815	34.4536	9.43E-02	7.752	62.7559	24.9567	
114	-114	17.6106	34.4469	9.40E-02	7.748	62.7073	24.9445	
113	-113	17.6243	34.4423	9.47E-02	7.7461	62.7994	24.9377	
112	-112	17.625	34.4421	9.71E-02	7.746	62.9994	24.9373	
111	-111	17.626	34.4424	9.70E-02	7.7459	62.9898	24.9373	
110	-110	17.6359	34.4402	9.60E-02	7.7445	62.707	24.9332	
109	-109	17.6456	34.438	9.60E-02	7.7431	62.5084	24.9291	
108	-108	17.6507	34.4367	9.63E-02	7.7425	62.5441	24.9269	
107	-107	17.6536	34.4364	9.55E-02	7.7421	62.7985	24.926	
106	-106	17.6577	34.4352	9.61E-02	7.7415	62.6459	24.9241	
105	-105	17.655	34.4357	9.71E-02	7.7419	62.3603	24.9252	
104	-104	17.6555	34.4361	9.76E-02	7.7418	62.1469	24.9253	
103	-103	17.6604	34.435	9.77E-02	7.7411	62.2925	24.9233	
102	-102	17.6571	34.4354	9.81E-02	7.7416	62.7358	24.9244	
101	-101	17.6533	34.4364	9.77E-02	7.7421	62.9484	24.9261	
100	-100	17.6502	34.4368	9.81E-02	7.7425	62.5779	24.9272	
99	-99	17.6487	34.4371	1.00E-01	7.7427	62.1721	24.9278	
98	-98	17.6481	34.4375	9.89E-02	7.7428	61.9004	24.9282	
97	-97	17.6478	34.4375	9.72E-02	7.7429	61.897	24.9282	
96	-96	17.6467	34.4378	9.67E-02	7.743	62.0934	24.9287	
95	-95	17.6467	34.4379	9.54E-02	7.743	62.5056	24.9288	
94	-94	17.6517	34.437	9.52E-02	7.7423	62.9413	24.9269	
93	-93	17.6555	34.436	9.60E-02	7.7418	62.8046	24.9252	
92	-92	17.655	34.4361	9.65E-02	7.7418	62.2461	24.9254	
91	-91	17.6522	34.4363	9.64E-02	7.7423	62.0014	24.9263	
90	-90	17.6516	34.4367	9.60E-02	7.7423	62.0561	24.9267	
89	-89	17.6567	34.4355	9.57E-02	7.7416	62.3007	24.9245	
88	-88	17.6594	34.435	9.41E-02	7.7413	62.4355	24.9235	
87	-87	17.6601	34.4349	9.38E-02	7.7412	62.4468	24.9233	
86	-86	17.6601	34.435	9.31E-02	7.7411	62.6027	24.9233	
85	-85	17.6605	34.4352	9.31E-02	7.7411	62.6739	24.9234	
84	-84	17.6608	34.4347	9.45E-02	7.7411	62.7708	24.923	
83	-83	17.6501	34.4367	9.40E-02	7.7425	62.5544	24.9271	
82	-82	17.6474	34.4378	9.32E-02	7.7429	62.3911	24.9286	
81	-81	17.6718	34.4347	9.45E-02	7.7394	62.4519	24.9203	
80	-80	17.7138	34.4248	9.51E-02	7.7336	62.6786	24.9024	
79	-79	17.7235	34.4235	9.48E-02	7.7323	62.598	24.8992	
78	-78	17.7287	34.4224	9.52E-02	7.7315	62.6877	24.897	
77	-77	17.7281	34.4229	9.49E-02	7.7316	62.5906	24.8976	
76	-76	17.7323	34.422	9.37E-02	7.731	62.6646	24.8958	
75	-75	17.7215	34.4237	9.42E-02	7.7325	62.7355	24.8998	
74	-74	17.7177	34.4256	9.41E-02	7.733	62.964	24.9021	
73	-73	17.7342	34.4222	9.28E-02	7.7308	62.8116	24.8956	
72	-72	17.7393	34.4208	9.18E-02	7.73	62.6573	24.8932	
71	-71	17.7334	34.4219	9.11E-02	7.7309	62.4598	24.8955	
70	-70	17.7352	34.4214	9.15E-02	7.7306	62.6432	24.8948	
69	-69	17.7344	34.4221	9.23E-02	7.7307	62.8135	24.8954	
68	-68	17.7414	34.4207	9.22E-02	7.7297	62.765	24.8926	
67	-67	17.7431	34.4194	9.32E-02	7.7295	62.5907	24.8912	
66	-66	17.7086	34.4263	9.62E-02	7.7344	62.6982	24.9049	
65	-65	17.6719	34.4337	9.77E-02	7.7394	62.8122	24.9195	
64	-64	17.689	34.4314	9.66E-02	7.737	62.706	24.9136	
63	-63	17.6918	34.4288	9.65E-02	7.7367	62.5254	24.9109	
62	-62	17.6913	34.4292	9.64E-02	7.7368	62.4105	24.9113	
61	-61	17.675	34.4324	9.63E-02	7.7391	62.4627	24.9177	
60	-60	17.6925	34.43	9.58E-02	7.7366	62.5926	24.9117	
59	-59	17.7064	34.4263	9.59E-02	7.7347	62.8868	24.9055	
58	-58	17.711	34.4255	9.64E-02	7.734	62.8879	24.9038	
57	-57	17.7046	34.426	9.99E-02	7.7349	62.6197	24.9056	
56	-56	17.695	34.4281	1.01E-01	7.7363	62.315	24.9097	
55	-55	17.7057	34.4288	9.90E-02	7.7346	62.2562	24.9075	
54	-54	17.7516	34.4199	9.82E-02	7.7282	62.3331	24.8895	
53	-53	17.7651	34.4147	9.82E-02	7.7265	62.5498	24.8823	
52	-52	17.7674	34.4154	9.91E-02	7.7261	62.9678	24.8823	
51	-51	17.9008	34.3974	9.96E-02	7.7072	63.1103	24.8359	
50	-50	18.0186	34.3661	1.01E-01	7.6913	62.8669	24.7831	
49	-49	18.0701	34.3627	1.03E-01	7.6839	62.633	24.7678	
48	-48	18.1582	34.3477	1.03E-01	7.6716	62.7063	24.7347	
47	-47	18.2558	34.3257	1.04E-01	7.6584	63.1096	24.6936	
46	-46	18.4752	34.291	1.07E-01	7.6281	63.4732	24.6125	
45	-45	18.5633	34.2705	1.09E-01	7.6163	63.4441	24.5749	
44	-44	18.6041	34.2644	1.15E-01	7.6107	63.3007	24.56	
43	-43	18.6102	34.2648	1.19E-01	7.6098	63.187	24.5588	
42	-42	18.6118	34.2649	1.21E-01	7.6095	63.0403	24.5585	
41	-41	18.6121	34.2657	1.22E-01	7.6095	63.0806	24.559	
40	-40	18.5996	34.2689	1.25E-01	7.6111	63.1628	24.5646	
39	-39	18.6017	34.2695	1.26E-01	7.6108	63.4213	24.5645	
38	-38	18.6141	34.2682	1.27E-01	7.6091	63.531	24.5604	
37	-37	18.6623	34.2594	1.29E-01	7.6025	63.3266	24.5416	
36	-36	18.6843	34.2546	1.31E-01	7.5996	63.1766	24.5324	
35	-35	18.6985	34.2524	1.31E-01	7.5976	63.2469	24.5271	
34	-34	18.7179	34.2492	1.32E-01	7.595	63.507	24.5198	
33	-33	18.7688	34.2396	1.34E-01	7.5881	63.804	24.4997	
32	-32	18.8291	34.2292	1.34E-01	7.58	63.8592	24.4765	
31	-31	18.9264	34.222	1.35E-01	7.5664	64.3945	24.4463	
30	-30	19.4162	34.1358	1.38E-01	7.501	65.0464	24.2555	
29	-29	19.7167	34.0617	1.46E-01	7.4623	65.2833	24.1213	
28	-28	19.9102	34.0193	1.58E-01	7.4374	65.4549	24.0386	
27	-27	19.9627	34.0133	1.69E-01	7.4304	65.5253	24.0203	
26	-26	19.9595	34.0164	1.79E-01	7.4307	65.5585	24.0235	
25	-25	19.9271	34.022	1.84E-01	7.4349	65.3918	24.0362	
24	-24	19.8022	34.0456	1.87E-01	7.4512	65.1201	24.0868	
23	-23	19.7199	34.0698	1.86E-01	7.4615	65.0759	24.1267	
22	-22	19.7145	34.0698	1.87E-01	7.4623	65.0943	24.1281	
21	-21	19.6926	34.0737	1.88E-01	7.4652	65.0366	24.1367	
20	-20	19.6768	34.0772	1.86E-01	7.4672	65.0144	24.1435	
19	-19	19.7217	34.0731	1.88E-01	7.4611	65.0892	24.1287	
18	-18	19.8271	34.0504	1.89E-01	7.4475	65.3209	24.084	
17	-17	19.9147	34.0335	1.92E-01	7.4362	65.5825	24.0483	
16	-16	20.0409	34.0088	1.96E-01	7.4199	65.5844	23.9963	
15	-15	20.0962	33.9987	1.97E-01	7.4127	65.3676	23.9742	
14	-14	20.1353	33.9917	2.01E-01	7.4077	65.2776	23.9586	
13	-13	20.15	33.9879	2.03E-01	7.4058	65.237	23.9518	
12	-12	20.1477	33.9908	2.03E-01	7.406	65.2773	23.9546	
11	-11	20.1822	33.9851	2.05E-01	7.4015	65.4708	23.9412	
10	-10	20.205	33.9808	2.16E-01	7.3986	65.5997	23.9318	
9	-9	20.2233	33.9788	2.19E-01	7.3962	65.4941	23.9255	
8	-8	20.2251	33.9789	2.21E-01	7.396	65.382	23.9251	
7	-7	20.225	33.9795	2.18E-01	7.3959	65.4781	23.9256	
6	-6	20.2272	33.9789	2.13E-01	7.3957	65.5239	23.9245	
5	-5	20.2333	33.9787	2.07E-01	7.3948	65.4797	23.9228	
4	-4	20.2432	33.9801	2.03E-01	7.3934	65.4398	23.9212	
3	-3	20.2487	33.9794	1.98E-01	7.3927	65.1815	23.9193	
2	-2	20.2535	33.9786	1.91E-01	7.3921	64.8195	23.9174	
1	-1	20.2547	33.9658	1.83E-01	7.3925	65.0351	23.9073	
