"p1" "p3" "p4" "p6" "p13" "p16" "p19" "p21" "p23" "p25" "s18" "s19" "s20" "s22" "s23" "s25" "s27" "s29" "sA" "sB" "sC" "sD" "sE" "sF" "sG" "w22" "w23" "w25" "w27" "w29" "wA" "wB" "wC" "wD"
"1" 0 0 0 0 0 0 0 0 0 0 0 0 0 0 0 18.996 0 0 0 0 0 0 0 0 0 0 0 0 0 0 0 0 0 0
"2" 0 0 0 0 0 0 0 0 0 0 0 0 0 0 0 0 0 0 0 0 0 0 0 0 0 0 0 0 0 0.1753 0 0 0 0
"3" 0 0 0 0 0 4.6706 27.1206 0 33.9101 15.552 0 0 0 0 0 0 31.9352 14.469 48.5928 39.0825 47.988 8.3948 160.3664 24.5458 17.78 0 0 0 0 0 0 1.1033 0.2909 0.434
"4" 0 0 0 0 0 0 0 0 0 0 0 0 0 0 0 0 0 0 4.1288 0 0 0 0 0 0 0 0 0 0 0 0 0 0 0
"5" 0 0 0 0 0 0 0 0 0 0 119.9022 29.64 16.2864 195.2769 417.6231 94.3468 0 0 4.1288 0 0 0 17.5744 121.1454 0 69.543 135.4973 2.2668 1.7733 2.6213 0.0509 0.1392 0 0.2894
"6" 0 0 0 0 0 0 0 0 0 0 0 0 0 0 0 0 15.9676 72.8273 0 0 0 0 0 0 0 0 0 0 0 0 0 0 0 0
"7" 0 0 0 0 0 0 0 0 0 0 0 0 0 0 0 0 0 0 0 0 0 0 0 0 0 0 0 0 0 0 0.0759 0 0 0
"8" 0 0 0 0 0 0 0 0 0 0 0 0 0 0 0 0 0 0 0 0 0 0 0 0 0 0 0 0 0 0 0.0759 0 0 0
"9" 0 0 0 0 0 0 0 0 0 0 0 0 0 0 0 0 0 0 0 0 0 0 0 0 0 0 0 0 0 0 0.0509 0 0 0
"10" 0 0 0 0 0 0 0 0 0 0 0 0 0 0 0 0 0 0 0 0 0 0 0 0 0 0 0 0 0 0 0 0.1392 0 0
"11" 0 0 0 0 0 0 0 0 0 0 10.9002 0 0 0 0 0 0 0 0 0 0 0 0 0 0 0 0 0 0 0 0 0 0 0
"12" 0 0 0 0 0 0 0 0 0 0 0 0 0 0 0 0 0 0 0 0 0 0 0 0 0 0 0 0 0 0 0 0 0 0.1447
"13" 0 0 0 0 0 0 3.0134 0 0 0 0 0 0 0 0 18.996 0 0 0 0 0 0 0 0 0 0 0 0 0 0 0 0 0 0
"14" 159.5694 80.8253 40.9122 77.292 69.2776 37.3648 21.0938 256.7355 43.6373 77.952 0 0 0 0 0 0 7.9838 0 4.1288 7.8165 0 0 17.5744 0 0 11.2802 2.0419 0.2097 1.7733 3.4936 2.252 12.5294 2.3192 5.5257
"15" 0 0 0 0 4.7348 4.6706 12.0536 0 9.7272 3.072 141.7026 41.61 43.5812 29.1096 121.4993 621.8024 190.9809 232.4686 113.3832 117.2475 317.727 75.4178 534.9208 485.3734 3.556 3.7601 0 1.0326 0.9673 1.7447 0.1269 0.9642 1.7864 1.0174
"16" 0 0 0 0 0 0 0 0 38.7737 6.24 0 0 0 0 0 0 15.9676 0 0 0 0 12.5922 0 0 0 0 0 0 0.1612 0.1753 0.025 0 0.7233 0.1447
"17" 0 0 0 0 0 0 3.0134 0 0 0 0 0 0 0 0 0 0 0 0 0 0 4.1974 0 0 0 0 0 0 0 0 0 0.1392 0.0489 0
"18" 0 2.1907 0 0 0 4.6706 3.0134 0 0 3.072 0 5.89 0 0 0 0 0 0 0 0 0 0 17.5744 72.8456 0 0 0 0 0.3224 0 0 0.2734 0.3861 0.1447
"19" 0 0 0 0 0 0 0 0 0 0 0 5.89 0 0 0 0 0 0 12.2276 0 0 0 53.2724 0 0 0 0 0 0 0 0 0 0 0
"20" 0 0 0 0 0 0 3.0134 0 9.7272 0 10.9002 5.89 0 0 0 56.3548 47.6927 87.2963 32.3952 70.3485 47.988 29.3818 53.2724 193.991 0 0 0 0.2097 0.4836 0.5259 0.025 0.1392 0.1441 0
"21" 0 0 0 0 0 0 0 0 0 0 0 0 0 0 0 0 0 0 0 7.8165 0 0 0 0 0 0 0 0 0 0 0 0 0 0
"22" 0 0 0 0 0 0 0 0 0 0 0 0 0 0 0 0 0 0 0 0 0 0 0 0 0 0 1.0209 0 0 0.1753 0 0 0 0
"23" 0 0 0 0 0 0 0 0 0 0 0 0 0 0 0 0 0 0 0 0 0 0 0 0 0 0 0 0 0 0 0 0.2734 0 0
"24" 0 0 0 0 0 0 0 0 0 0 10.9002 11.97 0 0 0 0 0 0 0 0 0 0 0 0 0 0 0 0 0 0 0 0.1392 0.0489 0.1447
"25" 0 0 0 0 0 0 0 0 0 0 10.9002 0 0 0 0 0 0 0 0 0 0 0 0 0 0 0 0 0 0 0 0 0 0 0
"26" 0 0 0 0 0 0 0 0 0 0 0 0 0 0 0 0 0 0 0 0 0 0 0 0 0 0 0 0.2097 0 0 0 0 0 0
"27" 0 0 0 0 0 0 0 0 0 0 0 0 0 0 0 0 0 0 0 0 0 0 0 0 0 0 0 0 0 0 0 0 0 0.1447
"28" 0 0 0 0 0 0 0 0 0 0 0 0 0 0 0 0 0 0 0 0 0 0 0 0 0 0 0 0 0 0 0 0.825 0.1441 0.1447
"29" 0 0 0 0 0 0 3.0134 0 0 3.072 0 11.97 16.2864 0 13.2813 0 7.9838 0 28.4252 15.633 9.675 8.3948 17.5744 48.2998 3.556 0 0 0 0 0 0 0 0.1441 0.1447
"30" 0 0 0 0 0 0 0 0 0 0 0 5.89 0 0 0 0 0 0 4.1288 0 9.675 0 0 0 0 0 0 0 0 0 0 0 0 0
"31" 0 0 0 0 0 0 0 0 0 0 0 0 0 0 0 0 0 0 0 7.8165 0 0 35.698 121.1454 0 0 0 0 0 0 0 0 0 0
"32" 0 0 0 0 0 0 0 0 0 0 0 0 0 0 0 18.996 0 0 0 0 9.675 4.1974 0 0 3.556 0 0 0 0 0 0.025 0 0.0489 0
"33" 0 2.1907 0 0 0 9.3412 6.0268 0 4.8636 3.072 0 5.89 0 0 0 0 0 0 0 7.8165 0 0 0 0 3.556 0 0 0 0 0 0.0509 0.5517 0.0489 0.1447
"34" 0 0 0 0 0 0 0 0 0 0 10.9002 0 0 0 0 0 0 0 0 0 0 0 0 0 0 0 0 0 0 0 0 0 0 0
"35" 0 0 0 0 40.6196 0 18.0804 0 38.7737 21.792 0 5.89 0 0 67.3903 150.7016 87.6117 43.407 80.988 195.702 57.663 37.7766 107.094 121.1454 0 0 0 0 0 0.1753 0 0.5517 3.8636 1.4561
"36" 0 0 0 0 0 0 0 0 0 0 0 0 0 0 0 0 0 0 0 0 29.025 0 0 0 0 0 0 0 0 0 0 0 0 0
"37" 0 0 0 0 0 0 0 0 0 0 0 0 0 0 0 0 0 0 0 0 0 0 0 0 0 0 0 0 0 0 0 0.2734 0 0
"38" 0 0 0 0 0 0 0 0 0 0 0 0 0 0 0 0 0 0 0 0 0 0 0 0 0 0 0 0 0 0 0 0.1392 0 0
"39" 0 0 0 0 0 9.3412 0 0 4.8636 0 0 0 0 0 0 37.992 7.9838 0 12.2276 7.8165 0 0 0 0 0 0 0 0 0.1612 0 0 0 0.2909 0.1447
"40" 0 0 0 0 16.6964 28.0236 27.1206 0 14.5908 28.032 76.3014 100.89 0 0 13.2813 18.996 0 0 12.2276 70.3485 29.025 12.5922 17.5744 0 0 0 0 0.4114 0.3224 0.3506 0.2278 2.2017 1.8842 0.7281
"41" 0 0 0 0 0 0 0 0 0 0 0 5.89 0 0 0 0 0 0 0 0 0 0 0 0 0 0 0 0 0 0 0 0 0 0
"42" 0 0 0 0 0 0 0 0 0 0 0 0 16.2864 0 0 0 0 0 0 0 0 0 0 0 0 0 0 0 0.1612 0 0 0 0 0
"43" 0 0 0 0 0 0 0 0 0 0 0 0 0 0 13.2813 0 0 14.469 0 0 0 0 0 0 0 0 0 0 0 0 0 0 0 0
"44" 0 0 0 0 0 0 0 0 0 0 21.8004 0 0 0 0 0 0 0 0 0 0 0 0 0 0 0 0 0 0 0 0 0 0 0
"45" 0 0 0 0 0 0 0 0 4.8636 3.072 0 0 0 0 0 0 0 0 0 0 0 0 0 0 0 0 0 0 0 0 0 0 0.1441 0.7281
"46" 0 0 0 0 0 0 0 0 0 0 0 0 0 0 0 0 0 0 0 0 0 0 0 0 0 0 0 0 0 0 0 0 0 0.1447
"47" 0 0 0 0 0 0 0 0 9.7272 0 0 0 0 0 0 0 0 0 0 0 0 0 0 0 0 0 0 0 0 0 0 0.1392 0.0489 0.8727
"48" 0 0 0 0 0 0 0 0 4.8636 3.072 32.7006 0 0 0 40.3358 94.3468 0 0 0 0 0 4.1974 0 24.5458 0 0 0 0 0.1612 0 0.025 0 0.0489 0.2894
"49" 0 0 0 0 0 0 0 0 0 0 0 0 0 0 0 0 0 0 0 15.633 0 0 0 0 0 0 0 0 0 0 0 0 0 0
"50" 0 0 0 0 0 18.6824 12.0536 0 24.1829 6.24 0 0 0 0 0 0 0 0 0 0 0 0 0 0 0 0 0 0 0.1612 0 0 0 0.242 0
"51" 0 0 0 0 0 0 0 0 0 0 76.3014 23.75 10.8576 58.6235 54.109 37.992 0 0 0 0 29.025 8.3948 0 121.1454 0 1.8621 1.0209 0.6212 0.3224 0.1753 0.2528 0.2734 0.0489 3.1969
"52" 0 0 0 0 0 0 0 0 0 0 0 23.75 0 0 0 0 0 0 0 7.8165 0 0 0 48.2998 0 4.6911 3.089 0.8228 1.4509 0.5259 0.0509 0.9642 0.677 0.434
"53" 0 0 0 0 0 0 0 0 0 0 0 0 0 0 0 0 7.9838 0 0 0 0 0 0 0 0 0 0 0 0 0 0 0 0 0
"54" 0 0 0 0 4.7348 0 0 0 9.7272 34.272 0 0 0 0 54.109 320.3992 31.9352 14.469 0 0 0 0 88.9704 97.3914 0 0 0 2.0652 0 0 0 0 0 0
"55" 0 0 0 0 0 0 3.0134 0 0 0 10.9002 0 0 0 0 0 0 0 0 0 0 0 0 0 0 0 0 0.8228 0.9673 0.3506 0.2528 0.9642 0 0.434
"56" 0 0 0 0 0 0 0 0 0 0 0 0 0 0 0 0 0 0 0 0 0 4.1974 0 0 0 0 0 0 0 0 0 0 0 0
"57" 0 2.1907 0 5.13 0 4.6706 0 0 0 0 0 0 0 0 0 0 0 0 0 0 0 0 0 0 0 0 0 0.2097 0.1612 0 0 0 0 0.1447
"58" 0 0 0 0 2.3674 0 12.0536 0 14.5908 0 0 0 0 0 0 0 0 0 0 0 0 0 0 48.2998 0 0 0 0 0 0 0 0 0.0978 0.1447
"59" 0 0 0 0 0 0 0 0 0 3.072 0 0 0 0 0 0 0 0 0 0 0 0 0 0 0 0 0 0 0 0 0 0 0 0
"60" 4.476 8.7628 16.3305 5.13 19.0638 88.7414 57.3705 0 77.4123 6.24 109.002 77.14 43.5812 29.1096 161.8351 113.3428 7.9838 0 0 39.0825 38.7 4.1974 0 0 0 107.1435 43.1152 29.0896 10.3082 2.9677 1.4927 3.8567 0.8211 9.5954
"61" 0 0 0 0 0 0 0 0 0 0 0 0 0 0 0 0 0 0 0 0 9.675 0 0 0 0 0 0 0 0 0 0 0 0 0.2894
"62" 0 0 0 0 0 0 0 0 0 0 0 0 0 0 0 0 0 0 0 0 0 0 0 0 0 0 0 0 0.1612 0 0 0 0 0
"63" 0 0 0 0 0 23.353 9.0402 0 9.7272 3.072 0 0 10.8576 0 0 0 0 0 0 0 0 0 0 0 0 0 0 0.2097 0.1612 0 0 0 0.1441 0
"64" 0 0 0 0 0 0 0 0 4.8636 0 0 5.89 0 0 0 0 0 0 0 0 0 0 0 0 0 0 0 0 0 0 0 0 0 0
"65" 0 0 0 0 0 0 0 0 0 0 0 0 0 0 0 0 0 0 0 0 9.675 0 0 0 0 0 0 0 0 0 0 0 0 0
"66" 0 0 0 0 0 0 0 0 0 0 0 11.97 5.4288 0 0 0 0 0 0 0 0 4.1974 17.5744 0 0 0 0 0 0 0 0 0 0 0
"67" 0 0 0 0 0 0 0 0 0 3.072 0 0 0 0 0 0 0 0 0 0 0 0 0 0 0 0 0 0 0 0 0 0.1392 0.0489 0
"68" 0 0 0 0 0 0 0 0 0 0 0 0 0 0 0 18.996 0 0 0 0 0 0 0 0 0 0 0 0 0 0 0 0 0.1441 0
"69" 0 0 0 0 0 4.6706 0 0 0 0 0 0 0 0 0 0 0 0 0 0 0 0 0 0 0 0 0 0 0 0 0 0.1392 0 0
"70" 0 0 0 0 0 0 0 0 0 0 0 0 0 0 0 0 0 0 0 0 0 0 0 0 0 0 0 0 0 0 0.025 0 0 0
"71" 0 0 0 0 0 0 0 0 0 0 0 0 0 0 0 0 0 0 0 0 9.675 8.3948 0 0 0 0 0 0 0 0 0 0 0 0
"72" 0 0 0 0 9.5942 32.6942 30.134 0 9.7272 24.96 54.501 65.36 16.2864 39.2171 107.7261 188.6936 198.9647 392.1099 48.5928 78.165 163.701 100.6022 196.0644 631.8564 64.262 0 2.0419 2.6782 0.6448 0.5259 0.0509 0.4125 1.7374 0.8727
"73" 0 0 0 0 0 0 0 0 0 3.072 0 0 5.4288 0 54.109 56.3548 39.7089 0 0 0 29.025 12.5922 160.3664 121.1454 0 0 0 0 0 0 0.0509 0 0.2909 0.1447
"74" 0 0 0 0 0 0 0 0 0 0 0 0 0 0 0 0 0 0 0 0 0 0 88.9704 0 0 0 0 0 0 0 0 0 0 0
"75" 0 0 0 0 0 0 9.0402 0 0 0 0 0 0 0 0 0 15.9676 0 0 7.8165 0 0 17.5744 0 0 0 0 0 0 0 0 0 0 0
"76" 0 0 0 0 0 4.6706 12.0536 0 38.7737 0 10.9002 0 0 0 0 0 7.9838 0 8.0988 23.4495 0 0 0 0 0 0 0 0 0 0 0 0 0 0
"77" 0 0 0 0 0 0 0 0 9.7272 0 0 0 0 0 0 0 0 0 0 15.633 0 0 0 0 0 0 0 0 0 0 0 0 0 0
"78" 0 0 0 0 0 0 0 0 0 0 0 0 0 0 0 0 0 0 4.1288 0 0 4.1974 0 0 0 0 0 0 0 0 0.025 0.1392 0 0
"79" 0 0 0 0 0 0 0 0 14.5908 0 0 5.89 0 0 0 0 0 0 8.0988 54.7155 29.025 16.7896 285.0348 0 0 0 0 0 0 0 0 0 0 0
"80" 0 0 0 0 0 14.0118 3.0134 0 4.8636 15.552 0 0 0 0 0 0 7.9838 0 0 15.633 0 0 124.6684 0 0 0 0 0 0 0 0 0 0 0
"81" 0 0 0 0 0 0 3.0134 0 14.5908 0 0 0 0 0 0 0 7.9838 0 36.524 15.633 0 4.1974 107.094 24.5458 3.556 0 0 0 0 0 0 0 0.0489 0
"82" 0 0 0 0 0 0 0 0 0 0 0 0 0 0 0 0 0 0 0 0 0 0 0 0 0 0 0 0 0 0 0 0 0.242 0
"83" 0 0 0 0 0 0 0 0 0 0 0 0 0 0 0 0 0 14.469 0 0 0 0 0 0 0 0 0 0 0 0 0 0 0 0
"84" 0 2.1907 0 0 42.987 144.5763 69.4241 113.1732 96.8667 71.712 21.8004 0 5.4288 0 0 0 0 0 36.524 70.3485 19.35 16.7896 88.9704 24.5458 0 33.8404 19.5026 6.5988 8.3737 6.286 1.3918 2.8925 2.0772 3.6356
"85" 328.0908 637.609 1024.8678 553.698 529.9238 1493.1059 473.9151 487.4232 334.1023 398.976 818.3988 403.75 272.194 400.257 471.7321 980.1936 167.0295 203.5306 214.6976 297.3165 471.753 201.2044 945.1732 315.9282 49.911 75.201 30.7853 27.8554 7.2452 13.4486 0.9112 2.0675 1.7864 3.9249
"86" 0 0 0 0 0 0 0 0 0 0 21.8004 83.22 0 351.741 0 150.7016 55.6765 57.876 68.9192 0 115.713 0 88.9704 607.3106 7.112 0 0 0 0 0.1753 0 0 0.0489 0
"87" 0 0 0 0 0 0 0 0 0 0 0 0 0 9.7032 0 0 0 0 0 0 0 0 0 0 0 0 0 0 0 0 0 0 0 0
"88" 0 0 0 0 4.7348 23.353 30.134 0 29.0465 24.96 152.8974 201.97 217.7552 439.4741 364.006 546.4516 541.2176 1815.8595 158.006 62.532 568.116 234.7836 160.3664 97.3914 734.949 0 0 0 0 0 0 0 0.0489 0.2894
"89" 0 0 0 0 0 0 0 0 0 3.072 0 0 0 0 0 0 0 0 0 0 0 0 0 0 0 0 0 0 0 0 0 0 0 0
"90" 0 0 0 0 0 0 0 0 0 0 0 0 0 0 0 0 0 0 0 0 0 0 0 0 0 0 0 0 0 0 0.1009 0.1392 0 0
"91" 0 0 0 0 0 0 0 0 0 0 0 0 0 0 0 0 0 0 0 0 0 0 0 0 0 0 0 0 0 0 0.025 0 0 0
"92" 0 0 0 0 0 0 0 0 0 0 0 0 0 0 0 0 0 0 0 0 0 0 0 0 0 0 0 0 0 0 0.025 0 0 0
"93" 0 0 0 0 0 0 0 0 0 0 0 0 0 0 0 0 0 0 0 0 0 0 0 0 0 0 0 0 0 0 0.1009 0.1392 0 0
"94" 0 0 0 0 0 0 0 0 0 0 0 0 0 0 0 0 0 0 0 0 0 0 0 0 0 0 0 0 0 0 0.025 0 0 0.1447
"95" 0 0 0 0 0 0 0 0 0 0 0 0 0 0 0 0 0 0 0 0 0 0 0 0 0 0 0 0 0 0 0.025 0.1392 0 0
"96" 0 0 0 0 0 0 0 0 0 0 0 0 0 0 0 0 0 0 4.1288 23.4495 0 4.1974 17.5744 0 0 0 0 0 0 0 0.025 0.1392 0 0
"97" 0 0 0 0 0 0 0 0 0 0 0 0 0 0 0 37.992 15.9676 0 8.0988 0 0 0 0 0 0 0 0 0 0 0 0 0 0.193 0.2894
"98" 0 0 0 0 2.3674 0 3.0134 0 0 6.24 0 0 0 0 0 0 0 0 4.1288 0 57.663 8.3948 0 0 0 0 0 0 0 0 0 0 0 0
"99" 0 0 0 0 0 0 0 0 0 0 0 0 0 0 0 0 0 0 0 0 0 0 0 0 0 0 0 0 0 0 0 0 0.0489 0
"100" 0 0 0 0 0 0 0 0 0 0 0 0 0 0 0 0 0 0 0 0 0 0 17.5744 0 0 0 0 0 0 0 0 0 0 0
"101" 0 0 0 0 0 0 0 0 0 0 0 0 0 0 0 0 0 0 0 0 0 0 0 0 0 0 0 0 0 0 0.025 0 0 0
"102" 0 0 0 0 0 0 0 0 0 0 0 0 0 0 0 0 0 0 0 0 0 0 0 0 0 0 0 0 0 0 0 0.1392 0 0
"103" 0 0 0 0 0 0 0 0 0 0 0 0 0 0 0 0 0 0 0 0 0 0 0 0 0 0 0 0 0 0 0 0 0 0.1447
"104" 0 0 0 0 0 0 0 0 0 0 0 0 0 0 0 0 0 0 0 0 0 0 0 0 0 0 0 0 0 0 0 0 0.0489 0
"105" 0 0 0 0 0 0 0 0 0 0 0 0 0 0 0 0 0 0 0 0 0 0 0 0 0 0 0 0 0 0 0.025 0.1392 0 0
"106" 0 0 0 0 0 4.6706 3.0134 0 0 0 43.6008 17.86 43.5812 146.3566 13.2813 37.992 0 0 0 0 0 4.1974 0 0 0 21.6292 9.2408 1.8554 3.0584 0.1753 0.1769 3.1659 0.5791 0.2894
"107" 0 0 0 2.565 0 0 0 0 0 0 0 0 0 0 0 0 0 0 0 0 0 0 0 0 0 0 0 0 0 0 0 0 0 0
"108" 0 0 0 0 0 4.6706 3.0134 0 14.5908 3.072 0 0 0 0 0 0 0 0 0 0 0 0 0 0 0 0 0 0 0 0 0 0.1392 0.0489 0
"109" 0 0 0 0 0 0 0 0 0 0 0 0 0 0 0 0 0 0 0 0 0 0 0 0 0 0 0 0 0 0 0.025 0 0 0
"110" 0 0 0 0 0 0 0 0 4.8636 0 0 0 0 0 0 37.992 0 14.469 0 0 9.675 0 0 24.5458 0 0 0 0 0 0.1753 0 0 0.0489 0
"111" 0 0 0 0 16.6964 9.3412 15.067 0 14.5908 43.68 0 0 0 0 0 0 0 0 0 0 9.675 0 35.698 24.5458 0 0 0 0 0 0 0 0 0.0489 0
"112" 0 0 0 0 7.1022 4.6706 9.0402 13.0239 0 3.072 196.4982 23.75 27.2948 97.8406 161.8351 697.1532 95.5955 682.9368 20.3264 0 856.818 100.6022 445.9504 509.9192 99.949 0 0 0.6212 1.9345 4.1907 0.6075 0.5517 0.242 0.5834
"113" 0 0 0 0 0 0 0 0 0 0 10.9002 0 5.4288 0 0 0 0 0 0 0 0 0 0 0 0 0 0 0 0 0 0 0 0 0
"114" 0 0 0 0 0 0 0 0 0 0 0 0 0 0 0 0 0 0 0 0 0 0 0 0 0 0 0 0 0 0 0.025 0 0 0
"115" 0 0 0 0 0 0 0 0 0 0 10.9002 0 0 0 0 0 0 0 0 0 0 0 0 0 0 0 0 0 0 0 0 0 0 0
"116" 0 0 0 0 0 0 3.0134 0 4.8636 0 10.9002 0 0 0 13.2813 0 0 0 0 0 0 0 17.5744 0 0 0 1.0209 0 0 0 0.0509 0.4125 0 0
"117" 0 0 0 0 4.7348 0 0 0 0 0 10.9002 23.75 16.2864 322.2271 40.3358 75.3508 135.3044 740.8128 56.6916 39.0825 163.701 79.6152 53.2724 121.1454 139.192 0 0 0 0 0 0 0 0 0
"118" 0 0 0 0 2.3674 0 0 0 0 0 0 5.89 119.7352 507.8008 67.3903 18.996 15.9676 28.938 16.1976 7.8165 0 12.5922 0 0 0 0 0 0 0 0 0 0 0 0
"119" 0 0 0 0 0 0 3.0134 0 4.8636 6.24 10.9002 0 0 29.1096 0 0 0 0 0 0 0 0 0 0 0 0 0 0 0 0 0 0 0 0
"120" 0 0 0 0 0 0 0 0 0 12.48 0 23.75 21.7152 0 54.109 18.996 0 0 77.018 0 0 8.3948 35.698 0 7.112 0.9311 6.1518 0.6212 0.4836 0 0 0.4125 0.0978 2.3242
"121" 0 0 0 0 0 0 0 0 4.8636 0 10.9002 29.64 0 0 0 0 0 0 0 0 0 0 0 0 0 0 0 0 0 0 0 0 0 0
"122" 0 0 0 0 0 0 0 0 0 0 0 29.64 5.4288 0 13.2813 0 0 0 0 0 0 0 0 0 3.556 0 0 0 0 0 0 0 0 0
"123" 0 0 0 0 2.3674 4.6706 78.4643 0 174.279 28.032 119.9022 142.5 5.4288 0 148.0619 113.3428 15.9676 0 32.3952 250.4175 96.363 25.1844 196.0644 97.3914 3.556 0.9311 2.0419 0.4114 0.1612 0 0 3.5784 0.4839 1.3068
"124" 0 0 0 0 0 0 0 0 0 0 43.6008 5.89 5.4288 0 0 0 7.9838 72.8273 0 7.8165 19.35 8.3948 35.698 24.5458 7.112 0 0 0 0 0.3506 0.025 0 0 0
"125" 0 0 0 0 0 0 0 0 0 0 0 0 0 0 0 0 0 0 0 0 0 0 0 0 0 0 0 0 0 0 0 0.1392 0 0
"126" 18.0159 216.1875 138.8952 157.0635 186.1524 28.0236 21.0938 369.9087 0 15.552 98.1018 59.47 5.4288 0 336.9515 56.3548 15.9676 0 4.1288 0 0 0 0 0 0 0 0 0 0 0 0 0 0 0
"127" 0 0 0 0 2.3674 0 0 0 0 0 10.9002 5.89 5.4288 0 0 0 0 0 0 0 0 0 0 0 17.78 0 0 0 0 0 0 0 0 0
"128" 0 0 0 0 0 0 0 0 0 0 0 0 0 0 0 0 0 0 0 0 0 0 0 0 0 0 0 0 0 0 0 0 0.0489 0.1447
"129" 0 0 0 0 0 0 0 0 0 0 0 0 0 0 0 0 0 0 4.1288 0 0 0 0 0 0 0 0 0 0 0 0 0 0 0
"130" 0 0 0 0 0 0 0 0 0 0 0 0 0 0 0 0 0 0 4.1288 7.8165 0 0 17.5744 0 0 0 0 0 0 0.1753 0 0 0 0
"131" 0 0 4.1256 2.565 0 0 3.0134 0 0 3.072 0 0 0 0 0 0 0 0 0 0 0 0 0 0 0 0 0 0 0 0 0 0 0 0
"132" 0 0 0 0 0 0 0 0 0 0 0 0 10.8576 39.2171 40.3358 0 0 0 0 0 0 0 0 24.5458 0 5.6222 3.089 0 0 0 0 0 0 0.2894
"133" 0 0 0 0 0 0 0 0 0 0 0 0 0 0 0 0 0 0 0 0 9.675 0 0 0 0 0 0 0 0 0 0 0 0 0
"134" 0 0 0 0 0 0 0 0 0 0 10.9002 11.97 16.2864 9.7032 27.0545 0 7.9838 0 4.1288 7.8165 0 0 0 24.5458 0 0 0 0 0 0 0 0 0 0
"135" 0 0 0 0 7.1022 0 30.134 0 14.5908 21.792 65.4012 118.75 326.6328 712.7809 539.1224 659.7944 7.9838 101.7653 0 15.633 9.675 0 107.094 266.8366 35.687 0 0 0 0 0 0 0 0 0
"136" 0 0 4.1256 0 7.1022 0 0 0 0 0 0 0 0 0 0 0 0 43.407 0 15.633 19.35 4.1974 17.5744 0 0 0.9311 0 0 0.1612 0 0.0759 0.2734 0.0489 0.2894
"137" 0 0 0 0 0 0 0 0 0 0 0 0 0 0 0 0 0 0 4.1288 0 0 4.1974 0 0 0 0 0 0 0 0 0 0 0 0
"138" 0 0 0 0 0 0 3.0134 0 0 0 0 0 0 0 0 0 0 0 0 7.8165 0 0 0 0 0 0 0 0 0 0 0 0 0.0489 0
"139" 0 0 0 0 0 0 0 0 0 0 0 0 0 0 0 0 0 0 0 7.8165 0 0 0 0 0 0 0 0 0 0 0 0 0.242 0
"140" 0 0 0 0 0 0 0 0 0 0 0 0 0 0 0 0 0 0 0 0 0 0 0 0 0 0 0 0 0 0 0 0.1392 0 0
"141" 0 0 0 0 0 0 0 0 14.5908 0 0 0 0 0 0 0 0 0 4.1288 7.8165 0 0 0 0 0 0 0 0 0 0 0 0 0 0
"142" 604.4838 192.2051 485.9613 33.516 28.658 0 15.067 252.3942 0 0 0 0 21.7152 19.4064 0 37.992 0 0 0 0 0 0 17.5744 0 0 0 0 0 0 0 0 0 0 0
"143" 0 0 0 0 0 0 0 0 0 0 10.9002 0 0 0 0 0 23.9514 0 0 0 38.7 4.1974 0 48.2998 0 0.9311 0 0 0.4836 0.5259 0 0 0 0
"144" 0 0 0 0 0 0 0 0 0 0 0 0 0 0 0 0 0 0 0 0 9.675 0 0 0 0 0 0 0 0 0 0 0 0 0
"145" 0 0 0 0 9.5942 0 0 0 4.8636 3.072 0 17.86 0 0 0 188.6936 0 0 4.1288 15.633 9.675 8.3948 0 1214.6212 0 0 0 0 0.4836 0 0.1009 0.1392 0.0489 0
"146" 0 0 0 0 0 0 6.0268 0 0 0 0 0 0 0 0 0 0 0 0 7.8165 0 4.1974 0 0 0 0 0 0 0.3224 0.6971 0.025 0 0 0
"147" 0 0 0 0 0 0 0 0 0 0 109.002 83.22 130.5928 351.741 431.3963 0 0 0 4.1288 7.8165 9.675 8.3948 0 0 0 12.2112 1.0209 0.8228 0 0 0.025 0 0 0
"148" 0 0 0 0 0 0 0 0 9.7272 0 65.4012 0 0 0 0 94.3468 0 0 4.1288 46.899 19.35 12.5922 0 72.8456 0 0 0 0 0.1612 0 0 0 0.0489 0
"149" 0 0 0 0 0 0 0 0 0 0 0 0 0 0 0 18.996 7.9838 0 8.0988 0 9.675 4.1974 0 0 0 0 0 0 0 0 0 0 0.0978 0
"150" 0 0 0 0 0 0 0 0 0 0 0 0 0 0 0 0 0 0 20.3264 39.0825 29.025 8.3948 35.698 24.5458 10.668 0.9311 0 0 0 0 0 0.2734 0.0978 0
"151" 0 0 0 0 0 0 0 0 0 0 0 0 0 9.7032 134.7806 75.3508 7.9838 57.876 48.5928 31.266 96.363 12.5922 35.698 72.8456 3.556 0.9311 0 0 0 0.6971 0 0 0.0489 0
"152" 0 0 0 0 11.9616 4.6706 0 0 0 3.072 0 0 0 0 13.2813 0 15.9676 0 0 15.633 0 0 0 48.2998 0 0 0 0 0 0 0 0 0 0
"153" 0 0 0 0 0 0 0 0 0 0 0 0 0 0 0 0 0 0 0 0 0 0 0 0 7.112 0 0 0 0 0 0 0 0.0489 0
"154" 0 0 0 0 0 0 0 0 4.8636 0 0 0 0 0 0 0 0 0 0 0 0 0 0 0 0 0 0 0 0 0 0.025 0 0 0
"155" 0 0 0 0 0 0 0 0 0 0 0 0 5.4288 0 0 0 0 0 0 0 0 0 0 0 0 0 0 0 0 0.1753 0 0 0 0
"156" 0 0 0 0 0 0 0 0 0 0 0 0 0 0 0 18.996 7.9838 0 0 0 0 0 0 0 0 0 0 0 0 0 0 0.2734 0.0489 0
"157" 0 0 0 0 0 0 0 0 0 0 0 0 0 0 0 0 0 0 0 0 0 0 0 0 0 0 0 0 0.1612 0 0 0.1392 0.0489 0.1447
"158" 0 0 0 0 4.7348 0 0 0 29.0465 0 0 0 0 0 0 18.996 31.9352 0 8.0988 62.532 38.7 8.3948 53.2724 24.5458 7.112 0 0 0 0 0 0 0 0.0978 0
"159" 0 0 0 0 2.3674 0 0 0 0 0 0 0 0 0 0 0 0 57.876 0 15.633 0 0 0 0 0 0 0 0 0 0 0 0 0 0
"160" 0 0 0 0 0 0 0 0 0 0 0 0 0 9.7032 0 0 0 0 0 0 0 0 0 0 0 0 0 0 0 0 0 0 0 0
"161" 0 0 0 0 109.7726 46.706 18.0804 0 24.1829 15.552 0 0 0 0 0 0 0 0 0 0 0 0 0 0 0 0 0 0 0 0 0 0 0 0
"162" 0 0 0 0 0 0 0 0 0 0 0 0 0 0 0 0 0 0 0 0 0 0 0 0 0 0 0 0 0 0 0 0.1392 0 0
"163" 0 0 0 0 0 0 0 0 0 0 0 0 0 0 0 0 0 0 0 0 0 0 0 0 0 0 0 0 0 0 0 0.2734 0 0
"164" 0 2.1907 0 0 0 0 9.0402 0 0 0 65.4012 41.61 5.4288 29.1096 188.8896 56.3548 15.9676 14.469 68.9192 359.8485 173.376 50.3688 88.9704 582.7648 3.556 5.6222 1.0209 0.2097 0.4836 0 0.025 0.4125 0.193 0.5834
"165" 0 2.1907 0 0 2.3674 0 0 0 14.5908 0 0 0 0 0 27.0545 188.6936 0 0 0 0 0 0 0 0 0 0 0 0 0 0 0 0.4125 0.3861 0.5834
"166" 0 0 0 0 11.9616 4.6706 9.0402 0 9.7272 0 0 0 0 9.7032 0 18.996 0 0 4.1288 15.633 9.675 8.3948 0 0 0 0 0 0.2097 0 0 0 1.2375 0.0489 0.8727
"167" 0 0 0 0 0 4.6706 0 0 0 0 0 5.89 0 0 0 0 7.9838 0 12.2276 23.4495 0 0 0 0 0 0 0 0 0 0 0 0 0 0
"168" 0 0 0 0 0 0 9.0402 0 0 0 0 5.89 0 0 0 0 7.9838 0 8.0988 0 0 0 0 0 3.556 0 0 0 0 0 0 0 0.0489 0
"169" 4.476 4.3814 0 18.0405 78.7472 56.0472 66.4107 4.3413 82.2759 24.96 305.5002 106.97 49.01 185.5737 714.2388 282.4072 151.272 43.407 214.6976 602.4495 115.713 146.7736 820.5048 1360.3124 28.575 0 0 0.6212 1.9345 0.6971 0.1769 4.1301 1.2561 2.4735
"170" 0 0 0 0 2.3674 0 0 0 0 0 0 0 0 0 0 0 0 0 0 0 0 0 17.5744 0 0 0 0 0 0 0 0 0 0 0
"171" 0 0 4.1256 0 0 0 0 0 0 0 0 0 0 0 0 0 0 0 0 0 0 0 0 0 0 0 0 0 0 0 0 0 0 0
"172" 0 0 0 0 0 0 0 0 0 3.072 0 0 0 0 0 0 0 0 0 0 0 0 0 0 0 0 0 0 0 0 0 0 0.0489 0
"173" 0 0 0 0 0 0 0 0 0 0 0 0 0 0 0 0 0 0 0 0 9.675 0 0 0 0 0 0 0 0 0 0 0 0 0
"174" 0 0 0 0 0 0 0 0 0 0 0 0 0 0 0 0 0 0 0 0 0 0 0 0 0 0 0 0 0 0 0 0 0.0489 0
"175" 0 0 0 0 0 0 0 0 4.8636 0 0 0 0 0 0 0 0 0 0 0 0 0 0 0 0 0 0 0 0 0 0 0 0 0
"176" 0 0 0 0 0 0 0 0 0 0 0 0 0 0 0 0 0 0 0 0 0 0 17.5744 0 0 0 0 0 0 0 0 0 0 0
"177" 0 0 0 0 0 0 0 0 0 0 0 0 0 0 0 0 0 0 0 0 0 0 0 0 0 0 0 0 0 0 0 0.1392 0 0
"178" 0 0 0 0 0 0 0 0 4.8636 0 0 0 0 0 0 0 0 0 0 0 0 0 0 0 0 0 0 0 0 0 0 0 0 0.1447
"179" 0 0 0 0 0 0 0 0 0 0 10.9002 0 0 0 0 37.992 0 0 0 0 0 0 0 0 0 0 0 0 0 0 0 0 0 0.1447
"180" 0 0 0 0 0 0 0 0 0 0 0 0 0 0 0 0 0 0 0 0 0 0 0 0 0 0 0 0 0 0 0 0.1392 0 0
"181" 0 0 0 0 0 0 0 0 0 0 0 0 0 9.7032 0 0 0 0 0 0 0 0 0 0 0 0 0 0 0 0 0 0 0 0
