      Date       Time     Pres     Temp     Cond      Sal   Chl(a)  PhycEth     Turb
13-02-2012 12:08:51.36     0.04   20.932    0.021    0.018     -2.7     -3.9     -1.6 
13-02-2012 12:09:02.78     0.66   16.758   42.816   33.393     -0.7      3.7      8.7 
13-02-2012 12:09:04.44     1.07   16.580   42.699   33.438      1.2     -0.3      9.5 
13-02-2012 12:09:06.70     1.69   16.560   42.513   33.292      0.3      0.0     10.0 
13-02-2012 12:09:07.16     2.16   16.564   42.495   33.274      0.7     -0.3      8.9 
13-02-2012 12:09:07.79     2.57   16.558   42.508   33.289      1.1      1.0      8.7 
13-02-2012 12:09:08.62     3.10   16.556   42.487   33.273      1.4      0.2      8.8 
13-02-2012 12:09:09.58     3.64   16.537   42.481   33.283      1.2     -0.4      9.0 
13-02-2012 12:09:10.25     4.09   16.541   42.471   33.271      1.2      1.1      9.5 
13-02-2012 12:09:10.97     4.65   16.492   42.432   33.276      1.0     -0.5      9.3 
13-02-2012 12:09:11.68     5.18   16.499   42.441   33.279      0.8     -0.4      9.7 
13-02-2012 12:09:12.29     5.61   16.476   42.406   33.267      1.2      0.3      9.7 
13-02-2012 12:09:12.98     6.12   16.468   42.405   33.273      0.9      0.1     10.7 
13-02-2012 12:09:13.70     6.69   16.460   42.399   33.274      0.7      0.0     10.0 
13-02-2012 12:09:14.27     7.16   16.448   42.386   33.273      0.6     -0.0     10.3 
13-02-2012 12:09:15.00     7.52   16.451   42.419   33.298      0.8      0.1     11.7 
13-02-2012 12:09:17.10     8.03   16.443   42.407   33.295      1.0      0.1     11.8 
13-02-2012 12:09:18.74     8.54   16.450   42.430   33.309      1.3      0.4     12.9 
13-02-2012 12:09:20.08     9.14   16.453   42.390   33.271      0.9      0.2     14.9 
13-02-2012 12:09:21.05     9.59   16.444   42.395   33.283      1.2     -1.1     16.7 
13-02-2012 12:09:22.08    10.06   16.444   42.400   33.287      1.1     -0.2     15.7 
13-02-2012 12:09:23.75    10.61   16.449   42.411   33.292      1.2      0.1     19.8 
13-02-2012 12:09:26.33    11.07   16.453   42.390   33.271      1.3      0.1     19.5 
13-02-2012 12:09:27.65    11.67   16.441   42.398   33.287      0.9     -0.5     19.6 
13-02-2012 12:09:28.40    12.14   16.450   42.390   33.272      1.4     -0.9     21.1 